933
743
582 297 772 436 888 472 104 679 1023 63 299 753 508 985 890 918 521 44 165 343 884 868 196 943 277 552 932 233 599 987 606 32 251 56 424 78 934 788 403 805 86 548 580 735 345 397 323 891 958 912 790 393 157 126 887 710 815 806 664 648 501 436 560 468 308 157 58 13 527 701 559 417 1015 271 217 360 756 729 316 936 309 741 399 554 461 194 64 961 719 82 369 618 626 809 35 432 603 283 419 810 642 136 836 25 782 560 498 363 675 174 15 644 461 841 726 643 322 23 999 931 57 147 115 966 742 753 138 254 33 27 281 894 228 885 142 198 391 133 88 221 36 230 669 605 580 64 651 90 547 606 425 495 748 575 913 412 890 577 791 792 370 747 518 1010 913 238 696 620 702 473 820 503 564 803 774 378 307 624 663 215 82 530 757 126 722 916 661 870 518 291 345 242 623 1018 743 236 169 742 171 938 57 703 954 863 165 177 174 292 641 353 906 120 837 484 572 583 120 569 71 199 413 473 74 943 353 23 827 957 618 245 976 324 859 401 461 863 373 863 833 952 469 56 7 510 984 346 177 303 70 444 142 53 298 824 204 554 687 687 98 271 646 117 853 884 540 112 931 521 227 863 190 435 20 378 807 88 295 107 784 728 177 272 410 174 261 520 824 388 982 266 391 597 122 931 629 565 703 574 113 620 132 39 631 449 977 450 480 918 101 544 356 109 884 775 11 605 903 352 478 183 349 139 644 566 736 955 447 151 645 674 522 705 346 72 284 969 197 393 873 210 938 562 463 369 456 471 532 593 162 518 653 797 973 1005 457 1018 969 536 855 773 871 253 393 916 234 83 957 767 580 476 165 288 981 419 588 398 916 403 417 292 116 205 794 516 931 895 321 511 18 79 578 152 203 627 758 505 340 179 468 748 181 30 642 895 342 611 379 352 423 426 383 172 225 1008 228 312 77 102 570 798 439 848 170 871 824 736 1006 182 102 652 71 899 519 195 868 451 12 490 608 584 750 358 387 171 551 883 860 660 536 727 73 799 304 385 289 973 781 217 326 113 433 922 370 42 293 273 908 129 538 724 813 308 170 872 428 630 626 129 391 139 811 858 815 550 446 990 748 703 568 173 944 735 931 269 41 456 111 991 120 518 440 388 778 114 418 42 76 942 119 967 650 959 893 768 965 799 199 536 324 792 236 607 870 241 924 362 448 984 816 333 847 58 528 960 726 123 97 888 812 994 261 727 300 900 969 682 984 301 45 433 416 482 340 675 717 6 257 355 787 111 528 393 580 406 782 845 239 962 100 242 948 327 926 128 605 375 899 322 282 25 926 25 249 429 590 739 26 528 853 959 136 851 655 648 252 272 58 911 1019 386 595 902 530 94 522 50 700 6 468 248 767 960 240 975 16 212 285 53 506 206 846 45 279 1 376 199 1014 261 652 552 169 909 827 1011 859 682 755 87 795 4 391 900 936 638 883 126 693 721 545 349 821 1008 747 297 80 705 88 774 751 302 324 658 634 792 699 578 694 85 884 949 11 305 7 353 968 672 586 539 525 136 138 971 346 584 138 217 867 175 500 266 585 903 443 195 903 137 69 585 384 231 945 455 89 457 849 11 393 721 446 768 470 918 275 920 607 508 254 233 289 718 445 345 879 66 576 709 838 584 841 804 625 749 627 546 670 279 746 832 627 388 918 272 175 160 948 645 328 942 165 362 262 18 588 501 64 179 1001 343 81 651 627 439 966 683 947 716 443 254 983 313 81 872 621 462 861 160 90 502 464 174 895 690 319 623 718 32 367 318 875 907 299 33 479 554 97 968 571 414 103 647 914 494 282 210 9 386 788 305 667 1014 782 39 65 565 941 745 901 790 1003 581 239 355 5 583 77 101 1012 509 52 163 946 370 509 335 466 558 684 337 694 993 112 814 279 844 623 616 494 160 311 458 329 23 746 370 393 879 857 917 548 195 704 370 137 707 607 131 115 873 368 96 801 124 996 489 425 134 878 413 98 734 931 936 804 477 1007 373 665 787 686 161 178 512 143 910 64 590 850 553 212 611 923 1006 624 604 979 13 977 421 672 994 50 550 767 81 390 904 907 499 282 639 578 942 156 951 885 453 21 840 447 402 141 89 754 196 371
87 155
551 645
322 784
245 470
76 369
765 899
214 398
26 836
614 854
482 864
99 193
94 261
88 134
912 918
404 446
30 161
486 680
882 921
439 484
252 399
167 596
84 367
472 492
402 719
502 829
608 813
318 676
264 317
816 868
381 744
148 684
201 835
261 264
527 854
722 892
583 589
315 636
228 390
608 720
467 535
819 878
203 534
818 880
508 699
138 338
8 98
840 913
383 738
789 841
266 449
651 844
363 683
388 495
197 445
892 907
834 865
666 900
21 360
710 808
292 560
453 917
447 788
475 522
7 825
131 840
518 802
708 719
187 609
794 834
917 918
270 928
452 648
111 697
905 931
564 849
717 892
218 493
411 523
854 917
650 691
305 831
636 760
713 738
393 800
787 795
102 826
520 625
272 608
452 520
661 840
555 742
136 594
808 903
76 569
433 808
116 904
147 482
539 885
870 875
256 846
574 886
747 857
174 439
873 908
410 529
360 751
459 724
795 838
504 697
392 930
713 919
136 622
4 514
466 870
855 890
587 849
677 738
584 899
104 186
107 651
274 477
502 914
543 673
823 895
342 599
289 341
162 380
563 649
168 918
345 505
795 902
75 285
574 613
791 925
581 658
68 243
54 109
16 776
876 913
426 593
300 427
269 547
84 862
491 832
130 579
600 754
346 520
855 903
745 750
830 921
31 153
602 719
859 894
170 594
805 807
138 918
204 517
653 828
441 535
842 871
289 415
927 932
351 446
263 833
42 238
688 710
563 685
636 742
144 409
415 652
658 718
266 502
18 407
383 702
225 733
804 895
181 714
225 730
174 565
429 501
431 593
836 907
337 464
285 522
728 858
338 694
383 739
871 883
823 876
700 798
205 583
505 593
781 807
591 721
270 375
577 822
902 919
683 927
156 700
413 524
222 396
265 908
549 818
639 665
352 817
299 339
669 794
326 565
271 866
78 713
60 894
576 928
464 488
618 869
373 405
415 711
603 607
36 676
69 611
335 892
103 614
387 903
250 616
765 852
489 573
166 787
786 822
486 540
304 571
569 834
823 867
846 875
835 839
402 432
198 275
675 740
533 749
100 813
209 679
611 718
291 865
647 693
922 925
14 660
97 337
199 790
378 502
513 715
323 858
746 901
191 317
847 931
38 820
464 727
312 434
238 623
682 726
607 699
141 520
675 826
131 553
768 853
347 548
45 734
152 691
392 421
476 753
850 863
401 726
441 912
626 808
751 771
312 368
528 684
542 922
908 916
686 689
94 603
361 446
242 913
684 695
690 912
558 659
170 837
152 222
175 750
173 815
245 883
574 767
218 916
239 411
523 786
148 528
924 924
209 279
355 733
520 573
894 900
512 770
18 124
873 926
836 864
798 868
614 916
51 123
706 905
355 537
454 827
637 738
73 417
93 905
22 395
215 706
739 916
799 811
753 822
363 875
11 706
350 782
373 393
431 432
320 446
270 549
800 877
340 396
900 931
92 445
406 769
23 737
518 519
196 507
376 863
533 824
247 895
668 862
287 711
426 473
453 658
234 806
165 831
524 796
916 923
825 927
522 568
604 784
905 906
269 716
712 863
878 892
818 925
290 816
352 872
567 667
628 631
18 438
61 159
68 709
742 879
764 883
551 590
319 688
374 718
338 621
409 560
163 220
602 828
465 734
932 932
881 913
447 823
355 538
1 61
703 728
651 777
580 699
732 910
166 514
398 893
133 449
520 542
589 720
451 674
209 569
519 824
687 921
809 868
20 670
233 675
899 900
541 814
89 445
49 326
243 644
30 363
852 902
636 822
487 823
46 778
519 690
640 794
855 923
855 867
681 865
399 840
7 879
51 305
584 652
867 891
588 921
77 494
145 198
376 851
282 640
578 588
419 687
38 814
40 699
553 640
658 817
349 532
36 924
299 578
262 884
475 706
447 449
794 809
467 920
838 903
865 911
369 664
535 826
630 844
250 819
340 862
344 617
579 927
16 917
319 870
159 169
68 340
90 701
326 664
319 932
597 854
396 474
543 612
710 899
399 602
742 877
361 634
418 779
23 657
103 170
480 667
332 612
294 456
50 451
339 482
767 783
762 896
167 443
774 861
837 869
439 570
360 589
172 838
63 397
394 561
314 511
899 932
214 692
98 540
197 229
383 578
648 803
338 563
320 355
111 229
585 640
24 844
135 461
338 808
911 926
636 913
61 252
164 232
473 486
250 607
64 842
110 472
367 535
920 921
697 704
888 903
691 730
251 682
624 886
599 600
874 924
423 896
145 654
833 908
186 390
449 756
635 764
720 747
686 702
898 914
668 823
471 488
809 813
919 921
193 784
201 363
292 822
331 441
115 475
179 667
929 930
345 873
601 850
62 598
309 614
568 807
670 715
265 392
471 896
26 355
455 539
919 930
618 885
38 239
297 532
533 633
116 140
318 932
154 468
923 932
138 416
652 758
597 930
28 540
38 83
61 855
55 530
598 784
918 924
458 687
66 456
808 930
642 663
632 644
468 621
522 694
308 713
548 817
656 819
619 619
28 38
776 836
573 631
210 466
404 810
182 606
708 737
776 853
4 461
300 829
611 827
771 900
229 561
445 664
68 258
839 921
135 396
16 773
588 678
560 703
505 581
435 781
926 931
160 589
75 696
185 614
149 168
356 665
320 459
635 860
608 822
414 530
95 365
268 281
639 653
342 729
252 318
835 905
635 763
853 922
362 696
51 203
280 449
797 863
99 891
539 687
342 704
364 917
76 76
30 127
23 891
295 751
627 858
759 816
496 905
647 928
748 804
870 897
241 594
222 565
402 922
569 838
448 654
125 608
340 804
59 931
283 520
528 546
828 894
342 519
869 881
787 923
501 577
778 881
86 858
435 813
103 806
291 401
476 592
455 837
918 929
877 929
120 760
483 691
136 897
925 932
711 728
394 788
152 432
555 927
501 684
306 643
118 742
715 857
97 213
8 16
854 925
477 921
626 666
334 518
425 716
508 767
163 410
548 611
478 808
568 924
585 743
624 757
344 629
152 461
172 701
489 742
664 913
195 392
620 875
555 563
563 647
907 926
61 457
909 913
724 809
31 222
452 638
346 915
669 729
227 436
174 833
297 558
201 465
244 647
254 703
858 879
562 696
163 204
371 778
601 909
687 790
442 498
736 889
115 425
362 370
359 694
94 518
473 848
807 858
90 231
269 809
756 875
226 899
448 896
873 916
744 852
506 588
731 926
289 655
744 866
74 241
557 915
810 893
579 839
704 821
430 692
169 650
371 692
825 904
16 214
930 932
441 461
630 919
66 618
39 131
352 432
418 775
170 506
764 854
386 638
600 641
683 715
735 863
781 889
21 465
919 929
372 412
400 570
